0.9815
0.9673
0.9798
0.9785
0.9594
0.9801
0.9816
0.9778
0.9811
0.9795
0.9784
0.9786
0.9660
0.9602
0.9658
0.9724
0.9712
0.9616
0.9778
0.9691
0.9719
0.9682
0.9867
0.9726
0.9808
0.9817
0.9852
0.9831
0.9815
0.9679
0.9764
0.9785
0.9775
0.9544
0.9667
0.9849
0.9883
0.9691
0.9764
0.9653
0.9771
0.9596
0.9695
0.9689
0.9702
0.9709
0.9819
0.9541
0.9504
0.9828
0.9809
0.9700
0.9837
0.9702
0.9704
0.9689
0.9737
0.9822
0.9698
0.9891
0.9679
0.9630
0.9877
0.9714
0.9727
0.9673
0.9605
0.9582
0.9736
0.9607
0.9649
0.9898
0.9824
0.9710
0.9783
0.9641
0.9810
0.9852
0.9839
0.9710
0.9476
0.9853
0.9757
0.9688
0.9665
0.9894
0.9827
0.9830
0.9858
0.9815
0.9696
0.9655
0.9706
0.9786
0.9646
0.9624
0.9739
0.9746
0.9677
0.9780
0.9803
0.9754
0.9792
0.9697
0.9626
0.9909
0.9816
0.9745
0.9446
0.9849
0.9665
0.9814
0.9686
0.9709
0.9881
0.9842
0.9749
0.9858
0.9674
0.9742
0.9822
0.9738
0.9765
0.9554
0.9687
0.9824
0.9913
0.9734
0.9818
0.9904
0.9682
0.9746
0.9700
0.9452
0.9828
0.9811
0.9649
0.9633
0.9737
0.9743
0.9803
0.9814
0.9758
0.9783
0.9567
0.9855
0.9789
0.9643
0.9492
0.9550
0.9858
0.9876
0.9641
0.9884
0.9783
0.9795
0.9649
0.9883
0.9737
0.9695
0.9702
0.9764
0.9752
0.9600
0.9625
0.9718
0.9751
0.9784
0.9843
0.9540
0.9848
0.9514
0.9512
0.9741
0.9899
0.9773
0.9781
0.9862
0.9711
0.9711
0.9879
0.9754
0.9724
0.9658
0.9735
0.9788
0.9765
0.9801
0.9712
0.9868
0.9832
0.9611
0.9621
0.9765
0.9843
0.9778
0.9858
0.9841
0.9837
0.9780
0.9878
0.9762
0.9839
0.9595
0.9422
0.9744
0.9864
0.9752
0.9572
0.9819
0.9673
0.9737
0.9659
0.9608
0.9691
0.9643
0.9762
0.9643
0.9512
0.9828
0.9870
0.9803
0.9885
0.9747
0.9762
0.9675
0.9784
0.9788
0.9824
0.9449
0.9788
0.9751
0.9656
0.9848
0.9729
0.9854
0.9653
0.9815
0.9686
0.9896
0.9848
0.9818
0.9686
0.9815
0.9722
0.9512
0.9740
0.9758
0.9801
0.9691
0.9755
0.9689
0.9772
0.9844
0.9789
0.9793
0.9813
0.9870
0.9746
0.9770
0.9787
0.9796
0.9787
0.9863
0.9759
0.9808
0.9752
0.9903
0.9763
0.9362
0.9865
0.9667
0.9676
0.9643
0.9836
0.9725
0.9848
0.9666
0.9648
0.9770
0.9746
0.9815
0.9868
0.9699
0.9667
0.9891
0.9752
0.9560
0.9728
0.9882
0.9861
0.9727
0.9630
0.9654
0.9650
0.9826
0.9606
0.9617
0.9772
0.9760
0.9821
0.9786
0.9733
0.9647
0.9738
0.9699
0.9677
0.9647
0.9686
0.9776
0.9643
0.9756
0.9761
0.9606
0.9655
0.9608
0.9869
0.9745
0.9660
0.9857
0.9752
0.9668
0.9807
0.9770
0.9864
0.9749
0.9650
0.9875
0.9818
0.9791
0.9596
0.9852
0.9649
0.9840
0.9619
0.9900
0.9755
0.9800
0.9861
0.9755
0.9814
0.9784
0.9796
0.9759
0.9715
0.9750
0.9806
0.9772
0.9722
0.9660
0.9712
0.9666
0.9772
0.9774
0.9800
0.9729
0.9684
0.9611
0.9589
0.9223
0.9803
0.9642
0.9725
0.9843
0.9681
0.9717
0.9820
0.9772
0.9787
0.9872
0.9809
0.9828
0.9692
0.9769
0.9874
0.9784
0.9749
0.9785
0.9767
0.9873
0.9751
0.9677
0.9655
0.9774
0.9740
0.9680
0.9800
0.9635
0.9596
0.9698
0.9576
0.9631
0.9387
0.9811
0.9791
0.9740
0.9685
0.9598
0.9596
0.9679
0.9657
0.9866
0.9775
0.9751
0.9540
0.9664
0.9744
0.9740
0.9860
0.9842
0.9712
0.9626
0.9677
0.9839
0.9646
0.9810
0.9510
0.9770
0.9820
0.9861
0.9812
0.9812
0.9655
0.9752
0.9760
0.9906
0.9661
0.9599
0.9705
0.9860
0.9784
0.9846
0.9862
0.9757
0.9868
0.9852
0.9826
0.9744
0.9789
0.9626
0.9763
0.9691
0.9772
0.9750
0.9636
0.9804
0.9577
0.9872
0.9816
0.9878
0.9729
0.9572
0.9848
0.9714
0.9757
0.9704
0.9801
0.9874
0.9674
0.9749
0.9760
0.9696
0.9704
0.9800
0.9532
0.9789
0.9514
0.9730
0.9816
0.9765
0.9800
0.9587
0.9682
0.9283
0.9732
0.9640
0.9628
0.9277
0.9627
0.9643
0.9767
0.9741
0.9671
0.9595
0.9506
0.9669
0.9817
0.9606
0.9758
0.9676
0.9705
0.9623
0.9735
0.9781
0.9744
0.9776
0.9736
0.9629
0.9625
0.9721
0.9647
0.9719
0.9696
0.9897
0.9714
0.9703
0.9692
0.9774
0.9814
0.9717
0.9644
0.9610
0.9774
0.9822
0.9748
0.9727
0.9352
0.9772
0.9464
0.9624
0.9752
0.9811
0.9219
0.9773
0.9466
0.9736
0.9558
0.9711
0.9760
0.9667
0.9413
0.9486
0.9511
0.9701
0.9835
0.9584
0.9706
0.9803
0.9864
0.9762
0.9723
0.9734
0.9662
0.9650
0.9625
0.9265
0.9655
0.9773
0.9483
0.9656
0.9222
0.9706
0.9727
0.7873
0.9552
0.9844
0.9741
0.9653
0.9643
0.9644
0.9840
0.9642
0.9608
0.9778
0.9709
0.9705
0.9713
0.9826
0.9793
0.9701
0.9595
0.9825
0.9557
0.9147
0.9710
0.9749
0.9637
0.9597
0.9723
0.9815
0.9682
0.9836
0.9615
0.9553
0.9616
0.9711
0.9359
0.9669
0.9576
0.9104
0.9107
0.9791
0.9524
0.9480
0.9255
0.9387
0.9636
0.9759
0.9753
0.9595
0.9635
0.9630
0.9816
0.9645
0.9473
0.9751
0.9857
0.9818
0.9285
0.9309
0.9848
0.9781
0.9862
0.9587
0.9830
0.9375
0.9724
0.9384
0.9783
0.9409
0.9754
0.9661
0.9827
0.9649
0.9126
0.9706
0.9813
0.9648
0.9471
0.9698
0.9836
0.9755
0.9688
0.9609
0.9584
0.9665
0.9684
0.9683
0.9674
0.9725
0.9709
0.9726
0.9270
0.9305
0.9619
0.9513
0.9736
0.9143
0.9565
0.9846
0.9625
0.9445
0.9712
0.9227
0.9706
0.9745
0.9671
0.9675
0.8334
0.9733
0.9629
0.9755
0.9396
0.9708
0.9307
0.9803
0.9672
0.9643
0.9434
0.9700
0.9712
0.9549
0.9590
0.9381
0.9221
0.9632
0.9721
0.9804
0.9765
0.9712
0.9480
0.9725
0.9817
0.9744
0.9774
0.9769
0.9677
0.9741
0.9526
0.9609
0.9600
0.9622
0.9796
0.9628
0.9578
0.9465
0.9715
0.9683
0.9334
0.9675
0.9806
0.9620
0.9811
0.9630
0.9802
0.9735
0.9818
0.9759
0.9791
0.9731
0.9802
0.8811
0.9909
0.9614
0.9843
0.9549
0.8652
0.9730
0.9599
0.9578
0.9766
0.9686
0.9858
0.9588
0.9305
0.9706
0.9679
0.9731
0.9680
0.9005
0.9564
0.9595
0.9773
0.9528
0.9812
0.9764
0.9636
0.9692
0.9846
0.9747
0.9767
0.9697
0.9802
0.9318
0.9713
0.9447
0.9658
0.9665
0.9553
0.9731
0.9615
0.9519
0.9661
0.9556
0.9864
0.9853
0.9765
0.9834
0.9223
0.8927
0.9725
0.9686
0.9660
0.9603
0.9769
0.9706
0.9599
0.9643
0.9826
0.9412
0.9506
0.9746
0.9496
0.9707
0.9849
0.9464
0.9784
0.9874
0.9646
0.9594
0.9593
0.9475
0.9753
0.9515
0.9847
0.9548
0.9801
0.9803
0.9792
0.9696
0.9700
0.9147
0.9846
0.9340
0.8939
0.9801
0.9776
0.9708
0.9701
0.9760
0.9764
0.9788
0.9766
0.9696
0.9204
0.9715
0.9797
0.9802
0.9524
0.9643
0.9600
0.9860
0.9305
0.9639
0.9487
0.9800
0.9597
0.9803
0.9505
0.9695
0.9879
0.9566
0.9676
0.9618
0.9694
0.9656
0.9719
0.9693
0.9228
0.9630
0.9678
0.9849
0.9614
0.9505
0.9846
0.9642
0.9659
0.9801
0.9637
0.9839
0.9396
0.9543
0.8718
0.9734
0.9532
0.9564
0.9711
0.9815
0.9642
0.9660
0.9837
0.9827
0.9613
0.9781
0.9503
0.9679
0.9659
0.9742
0.9654
0.9819
0.9695
0.9855
0.9617
0.9625
0.9568
0.9645
0.9497
0.9621
0.9545
0.9583
0.9722
0.9407
0.9412
0.9715
0.9854
0.9107
0.9775
0.9697
0.9770
0.8086
0.9819
0.9540
0.9774
0.9348
0.9554
0.9818
0.9844
0.9827
0.9558
0.9617
0.9457
0.9651
0.9493
0.9469
0.9428
0.9648
0.9593
0.9754
0.9623
0.9324
0.9806
0.9842
0.9805
0.9745
0.9500
0.9698
0.9757
0.9594
0.9578
0.9457
0.9676
0.9395
0.9781
0.9162
0.9552
0.9609
0.9510
0.9224
0.9847
0.9830
0.9705
0.9762
0.9477
0.9774
0.9642
0.9763
0.9308
0.9848
0.9818
0.9838
0.9863
0.9824
0.9527
0.9817
0.9914
0.9846
0.9916
0.9864
0.9785
0.9511
0.9905
0.8881
0.9154
0.9580
0.9697
0.9465
0.8693
0.9821
0.9909
0.9604
0.9814
0.8388
0.9789
0.8993
0.8604
0.8227
0.9210
0.7715
0.9893
0.9076
0.7234
0.9678
0.9890
0.9911
0.9887
0.9472
0.9870
0.9864
0.9857
0.9859
0.9875
0.9827
0.9729
0.9543
0.9857
0.9849
0.5101
0.8893
0.9863
0.9462
0.9515
0.9600
0.9346
0.9813
0.9104
0.9786
0.9584
0.9809
0.9790
0.9805
0.9680
0.4162
0.9689
0.9865
0.9756
0.9896
0.9677
0.9774
0.9834
0.9896
0.9772
0.9810
0.9836
0.9453
0.8657
0.9608
0.9641
0.9648
0.9385
0.9659
0.8883
0.9686
0.9865
0.9583
0.9660
0.9787
0.9689
0.9364
0.9723
0.9391
0.9847
0.9862
0.9674
0.8480
0.9852
0.9810
0.9237
0.9846
0.9365
0.9388
0.8762
0.9218
0.9844
0.9754
0.9780
0.8994
0.9018
0.9895
0.9347
0.9670
0.9846
0.8894
0.9475
0.9832
0.9869
0.9819
0.9716
0.8325
0.9125
0.9837
0.9553
0.9904
0.9643
0.9604
0.9726
0.9692
0.7970
0.9633
0.9880
0.9093
0.9853
0.9813
0.9852
0.9816
0.9878
0.9784
0.9859
0.7054
0.9648
0.9885
0.8824
0.9548
0.9880
0.9865
0.9879
0.9700
0.9654
0.9826
0.9041
0.9788
0.9840
0.9233
0.9248
0.9840
0.9790
0.9840
0.9320
0.9768
0.9554
0.9708
0.9725
0.8621
0.9113
0.9896
0.9513
0.9534
0.8724
0.9904
0.9030
0.9767
0.9756
0.9761
0.9228
0.9804
0.9591
0.8168
0.9908
0.9414
0.9767
0.9754
0.9499
0.9875
0.9881
0.9899
0.9706
0.9781
0.9905
0.6998
0.8340
0.6579
0.9636
0.9893
0.9492
0.9910
0.9763
0.9826
0.9865
0.9685
0.6531
0.9906
0.9654
0.9801
0.9521
0.9084
0.9821
0.9849
0.9773
0.9616
0.9703
0.9868
0.9779
0.9868
0.9798
0.9780
0.9732
0.9834
0.9499
0.9789
0.9766
0.9847
0.9184
0.9872
0.9807
0.9063
0.9792
0.9882
0.9753
0.9732
0.9888
0.8605
0.9757
0.9714
0.9892
0.9912
0.8434
0.7713
0.9700
0.9790
0.9920
0.9913
0.9385
0.9837
0.8297
0.8531
0.9523
0.9818
0.9170
0.9078
0.9652
0.9864
0.9771
0.9690
0.9766
0.9858
0.9600
0.9078
0.9801
0.9770
0.8874
0.9763
0.9839
0.9611
0.9890
0.9596
0.9713
0.9902
0.9861
0.9763
0.9879
0.8435
0.9778
0.9875
0.9822
0.9434
0.9832
0.7874
0.9892
0.9767
0.9338
0.9860
0.9911
0.9472
0.8079
0.9764
0.9778
0.9867
0.9908
0.9561
0.9759
0.9634
0.9847
0.9722
0.9882
0.9733
0.9777
0.9875
0.9836
0.9446
0.9688
0.9674
0.9225
0.9768
0.9889
0.8894
0.7851
0.9756
0.9342
0.9836
0.9829
0.9549
0.9239
0.9813
0.9841
0.9720
0.9589
0.9864
0.9622
0.9697
0.9769
0.9224
0.9814
0.9834
0.8904
0.9277
0.9706
0.9527
0.9849
0.9803
0.9619
0.8997
0.9038
0.9936
0.9473
0.8887
0.9722
0.9859
0.9864
0.8324
0.7276
0.9445
0.9687
0.9572
0.9296
0.9708
0.9633
0.7464
0.8871
0.9843
0.9460
0.9795
0.9885
0.9888
0.9901
0.9795
0.9800
0.9626
0.9827
0.9250
0.9345
0.9850
0.9902
0.9586
0.9814
0.9866
0.9110
0.9705
0.7944
0.7921
0.9098
0.9022
0.9842
0.9837
0.9829
0.6812
0.8272
0.9873
0.9870
0.9421
0.9844
0.9875
0.9888
0.9817
0.9328
0.9453
0.9622
0.9861
0.9850
0.9433
0.9907
0.9452
0.9816
0.9885
0.9401
0.9500
0.9564
0.9828
0.9846
0.8557
0.9740
0.9881
0.8284
0.9647
0.9855
0.9891
0.9074
0.9643
0.9829
0.8323
0.9841
0.9716
0.9632
0.9615
0.9713
0.9748
0.9777
0.9861
0.9334
0.8832
0.8976
0.9517
0.9669
0.8378
0.9721
0.9860
0.9627
0.8928
0.9782
0.9260
0.9486
0.8615
0.9732
0.9662
0.7853
0.9787
0.9597
0.9677
0.9867
0.9297
0.9512
0.9855
0.9810
0.7381
0.7738
0.9149
0.9832
0.7174
0.9726
0.9612
0.9607
0.9791
0.8781
0.9814
0.8841
0.9638
0.9528
0.9451
0.9701
0.8072
0.9686
0.9821
0.9766
0.9661
0.9797
0.9737
0.9326
0.9864
0.9496
0.9654
0.9663
0.9554
0.9682
0.9645
0.9838
0.9014
0.9652
0.9734
0.8485
0.9594
0.8274
0.8617
0.9533
0.9559
0.9194
0.9725
0.9428
0.9663
0.9582
0.8561
0.9792
0.9720
0.9138
0.8455
0.9878
0.8641
0.9153
0.9614
0.9707
0.9220
0.9624
0.9851
0.9787
0.9342
0.9665
0.9860
0.9804
0.9514
0.9648
0.9299
0.9892
0.9728
0.9649
0.9667
0.9665
0.9804
0.8262
0.9795
0.9810
0.9435
0.9785
0.9410
0.9154
0.9506
0.9495
0.9392
0.9751
0.9866
0.9857
0.9846
0.9655
0.7613
0.9210
0.9590
0.9706
0.9686
0.9875
0.9394
0.9159
0.9234
0.9831
0.8426
0.9738
0.8727
0.9472
0.7951
0.8172
0.5617
0.9785
0.9425
0.9645
0.9654
0.9543
0.9509
0.9489
0.9729
0.9593
0.9485
0.9446
0.9623
0.9758
0.9363
0.9315
0.9676
0.9725
0.9511
0.9454
0.9730
0.9180
0.9401
0.9713
0.9683
0.8756
0.9193
0.9193
0.9576
0.9208
0.9707
0.9817
0.9462
0.9691
0.9663
0.9567
0.9659
0.9550
0.7923
0.9543
0.9773
0.9450
0.9661
0.9806
0.9876
0.9740
0.9612
0.9183
0.9547
0.9553
0.9628
0.9800
0.9607
0.8985
0.9698
0.9817
0.9627
0.9711
0.9871
0.8311
0.9520
0.9795
0.9690
0.9380
0.9523
0.9030
0.9459
0.9231
0.9644
0.9545
0.9718
0.9429
0.8934
0.9108
0.9597
0.9702
0.9415
0.9524
0.9295
0.9716
0.7946
0.9567
0.9717
0.8664
0.9518
0.7999
0.9494
0.9559
0.9630
0.9149
0.9737
0.9666
0.9124
0.9601
0.7906
0.9542
0.8317
0.9524
0.9379
0.9641
0.9606
0.9432
0.9496
0.9704
0.9308
0.9386
0.9483
0.9484
0.9574
0.9729
0.9149
0.9690
0.9770
0.8234
0.9075
0.9463
0.9653
0.9812
0.9640
0.9515
0.9726
0.9295
0.9323
0.8041
0.9310
0.8805
0.9724
0.9512
0.9680
0.9678
0.9439
0.4676
0.9318
0.8014
0.9843
0.9479
0.9872
0.9535
0.9631
0.9642
0.9535
0.9614
0.9812
0.8294
0.9479
0.9645
0.9433
0.9763
0.9744
0.9694
0.9518
0.9668
0.8670
0.9901
0.9620
0.9798
0.9630
0.9309
0.9431
0.9675
0.9834
0.9710
0.9450
0.9766
0.9278
0.9687
0.9118
0.9640
0.9681
0.9091
0.8934
0.8717
0.9554
0.9684
0.9619
0.9671
0.9452
0.9582
0.8762
0.8985
0.9738
0.8821
0.9651
0.9478
0.9604
0.9664
0.9550
0.9619
0.9442
0.9867
0.9856
0.9702
0.9591
0.9783
0.9693
0.9711
0.9799
0.9572
0.9776
0.9178
0.9686
0.8596
0.9422
0.9832
0.9772
0.9498
0.9797
0.8883
0.8963
0.9575
0.9756
0.8523
0.9278
0.8696
0.8719
0.9076
0.9560
0.9791
0.9482
0.9715
0.9753
0.9711
0.9361
0.8006
0.9318
0.8893
0.9709
0.9682
0.9669
0.9473
0.9791
0.9490
0.9661
0.9495
0.9744
0.9692
0.9451
0.9203
0.9557
0.9709
0.9798
0.9433
0.9899
0.9765
0.9806
0.9434
0.9756
0.9784
0.9413
0.9638
0.9758
0.8830
0.9406
0.9814
0.9746
0.9513
0.9459
0.9427
0.9598
0.9782
0.9405
0.9692
0.9568
0.9697
0.9883
0.9436
0.9743
0.9818
0.9407
0.9844
0.9331
0.9494
0.9752
0.9247
0.9733
0.9639
0.9577
0.9645
0.9602
0.9641
0.8808
0.9865
0.9045
0.9204
0.9481
0.9444
0.9592
0.9396
0.8953
0.9639
0.9299
0.8476
0.9717
0.9421
0.8747
0.9671
0.9828
0.9775
0.9683
0.9550
0.9264
0.9270
0.9103
0.9638
0.9778
0.9420
0.9839
0.7407
0.9802
0.9639
0.9682
0.9833
0.9615
0.9551
0.9418
0.9825
0.9710
0.9721
0.9788
0.8064
0.9754
0.9856
0.9675
0.9822
0.9525
0.9695
0.9624
0.9706
0.8204
0.9433
0.9295
0.9842
0.9811
0.9591
0.9515
0.8240
0.9752
0.9537
0.9760
0.9662
0.9716
0.9724
0.9413
0.9723
0.9193
0.9760
0.9903
0.9428
0.9460
0.9194
0.9924
0.6836
0.9857
0.9873
0.9882
0.9265
0.9823
0.9336
0.9653
0.9807
0.9918
0.9914
0.7431
0.9882
0.9920
0.7098
0.9790
0.9884
0.9934
0.4389
0.9863
0.9850
0.9709
0.9903
0.9850
0.9827
0.8616
0.9804
0.9775
0.9886
0.8531
0.9798
0.7112
0.9893
0.8896
0.9838
0.9886
0.9880
0.9887
0.9923
0.7826
0.5359
0.9899
0.8367
0.9850
0.9931
0.9882
0.9852
0.9692
0.9910
0.9755
0.9894
0.9906
0.9879
0.9832
0.9860
0.9709
0.9752
0.9922
0.9091
0.9912
0.9894
0.9899
0.9936
0.9852
0.9878
0.9914
0.9901
0.9602
0.9909
0.9331
0.9895
0.9813
0.9872
0.9908
0.9913
0.9816
0.9909
0.9801
0.9843
0.9873
0.9855
0.9800
0.9856
0.9903
0.9921
0.9905
0.9456
0.9927
0.9556
0.9875
0.9917
0.9907
0.9907
0.9891
0.9594
0.9894
0.9883
0.6406
0.6614
0.9935
0.9853
0.9913
0.9835
0.9674
0.9227
0.9893
0.9883
0.9275
0.9891
0.9827
0.9913
0.9810
0.9680
0.9749
0.9322
0.9899
0.9874
0.9816
0.9895
0.9836
0.9770
0.9770
0.9927
0.9832
0.6936
0.9906
0.9756
0.9724
0.9863
0.9823
0.9865
0.9794
0.9808
0.9884
0.9884
0.9893
0.9869
0.9910
0.9905
0.9826
0.9562
0.9909
0.9876
0.9891
0.9890
0.8008
0.9595
0.9881
0.9913
0.9758
0.9838
0.9866
0.9684
0.9776
0.9845
0.9810
0.8666
0.8325
0.9897
0.9925
0.9788
0.9888
0.9899
0.9718
0.8948
0.9665
0.9867
0.9458
0.9925
0.9551
0.9872
0.9899
0.9888
0.9914
0.9715
0.9690
0.9892
0.9914
0.7965
0.9847
0.9750
0.9914
0.9401
0.9879
0.9777
0.9829
0.9926
0.9866
0.9878
0.9865
0.9856
0.9875
0.9910
0.9401
0.9857
0.9921
0.9853
0.8157
0.9903
0.9784
0.9921
0.9898
0.8879
0.9775
0.9909
0.9922
0.9373
0.9465
0.8785
0.9799
0.9760
0.9913
0.9928
0.9901
0.9908
0.9608
0.9757
0.9902
0.9773
0.9775
0.9587
0.9893
0.9896
0.9890
0.9879
0.9895
0.9851
0.7987
0.9903
0.7171
0.6733
0.9881
0.9891
0.9642
0.9913
0.9899
0.9872
0.7643
0.9881
0.7272
0.9859
0.9907
0.9908
0.9913
0.9774
0.9904
0.9852
0.9860
0.9923
0.9820
0.9924
0.8302
0.9628
0.9845
0.8290
0.9832
0.9841
0.5417
0.9926
0.9886
0.9845
0.9087
0.9853
0.9857
0.9869
0.9885
0.9884
0.9926
0.9868
0.9670
0.9928
0.9841
0.7803
0.9906
0.9834
0.9901
0.9871
0.9835
0.9845
0.9474
0.9898
0.8128
0.9905
0.9903
0.9875
0.9829
0.9933
0.9885
0.8867
0.9905
0.9645
0.9918
0.9824
0.9917
0.9842
0.9828
0.9795
0.9827
0.9492
0.9530
0.9779
0.9902
0.9708
0.9847
0.9727
0.9847
0.9811
0.9761
0.9910
0.9548
0.9915
0.9902
0.9851
0.9824
0.9905
0.9845
0.9862
0.9916
0.9856
0.7877
0.9876
0.9855
0.9870
0.9526
0.9805
0.9658
0.9671
0.9896
0.9820
0.9879
0.9919
0.9889
0.9907
0.9916
0.9739
0.9817
0.9835
0.9651
0.9619
0.9905
0.9929
0.6446
0.9861
0.9912
0.9811
0.9898
0.9920
0.9787
0.9930
0.9853
0.9874
0.9913
0.9905
0.9889
0.9888
0.9925
0.9914
0.9444
0.6369
0.9752
0.9885
0.9882
0.9881
0.9685
0.9819
0.7750
0.9903
0.9340
0.9896
0.9748
0.9296
0.7765
0.9790
0.9899
0.9871
0.9769
0.9934
0.9876
0.9589
0.9872
0.9755
0.9740
0.9915
0.9862
0.9869
0.9876
0.9865
0.9821
0.9508
0.9917
0.9703
0.8439
0.9908
0.9677
0.9890
0.9689
0.9825
0.9897
0.9782
0.9726
0.9604
0.9880
0.9915
0.9900
0.9897
0.6203
0.9915
0.9870
0.9872
0.8420
0.9857
0.9832
0.9871
0.9316
0.9914
0.9728
0.9887
0.9884
0.9912
0.9524
0.9719
0.9873
0.9850
0.9855
0.8041
0.9695
0.9889
0.9905
0.9902
0.9897
0.9878
0.9847
0.9777
0.9913
0.9936
0.9909
0.8755
0.8175
0.9399
0.9918
0.9874
0.5715
0.8271
0.7394
0.9694
0.9828
0.9883
0.9804
0.9928
0.9832
0.9789
0.9883
0.9846
0.9909
0.9467
0.9907
0.9358
0.9912
0.9855
0.9837
0.9849
0.9658
0.6618
0.9849
0.9795
0.9863
0.9892
0.9505
0.9852
0.9846
0.9911
0.9895
0.9904
0.9919
0.9677
0.9262
0.9557
0.9641
0.9814
0.9304
0.9684
0.8791
0.9862
0.9219
0.9669
0.9733
0.9788
0.9220
0.9672
0.9922
0.9874
0.9918
0.9841
0.9890
0.9866
0.9786
0.9914
0.9793
0.9855
0.9851
0.9865
0.9802
0.9705
0.9897
0.9938
0.9924
0.9891
0.9898
0.9915
0.9931
0.9920
0.9721
0.9902
0.9865
0.9825
0.9605
0.9506
0.9578
0.9443
0.9664
0.9879
0.9731
0.9547
0.9772
0.9754
0.9765
0.9727
0.9790
0.9737
0.9750
0.9664
0.9754
0.9630
0.9790
0.9843
0.9818
0.9657
0.9617
0.9703
0.9793
0.9625
0.9841
0.9766
0.9695
0.9777
0.9167
0.9796
0.9752
0.9694
0.9804
0.9737
0.9782
0.9789
0.9729
0.9797
0.9851
0.9467
0.9664
0.9863
0.9808
0.9618
0.9779
0.9813
0.9632
0.9797
0.9797
0.9789
0.9716
0.9595
0.9834
0.9673
0.9710
0.9465
0.9907
0.9693
0.9751
0.9696
0.9821
0.9655
0.9420
0.9676
0.9239
0.9816
0.9263
0.9747
0.9782
0.9825
0.9508
0.9208
0.9700
0.9785
0.9589
0.9825
0.9620
0.9625
0.9697
0.9642
0.9651
0.9632
0.9807
0.9724
0.9633
0.9407
0.9772
0.9830
0.9735
0.9748
0.9823
0.9659
0.9768
0.8210
0.9832
0.9627
0.9809
0.9635
0.9830
0.9813
0.9779
0.9616
0.9760
0.8969
0.9544
0.9748
0.9498
0.9737
0.9736
0.9803
0.9840
0.9645
0.9893
0.9566
0.9752
0.9175
0.9769
0.9716
0.9766
0.9745
0.9599
0.9469
0.9767
0.8137
0.9789
0.9798
0.9702
0.9765
0.9529
0.9491
0.7313
0.9745
0.9829
0.9790
0.9699
0.9489
0.9748
0.9287
0.9821
0.9834
0.9636
0.9575
0.9835
0.9626
0.9769
0.9719
0.9698
0.9606
0.9604
0.9784
0.8892
0.9704
0.9838
0.9770
0.9735
0.9507
0.9695
0.9870
0.9787
0.9720
0.9779
0.9718
0.9747
0.9709
0.9612
0.9846
0.9680
0.9715
0.9642
0.9863
0.9740
0.9727
0.9810
0.9845
0.9627
0.9490
0.8617
0.9746
0.9850
0.9804
0.9413
0.9567
0.9785
0.9715
0.9782
0.9821
0.9690
0.9801
0.9519
0.9624
0.9699
0.9615
0.9602
0.9841
0.9672
0.9621
0.9767
0.9796
0.9813
0.9614
0.9750
0.9662
0.9601
0.9719
0.9736
0.9764
0.9468
0.9566
0.9675
0.9823
0.9798
0.9766
0.9603
0.9371
0.9639
0.9114
0.9878
0.9632
0.9781
0.9655
0.9616
0.9675
0.9710
0.9661
0.9804
0.9697
0.9692
0.9822
0.9814
0.9556
0.9746
0.9749
0.9643
0.9697
0.9624
0.9505
0.9806
0.9671
0.9610
0.9641
0.9729
0.9805
0.9740
0.9715
0.9634
0.9603
0.9493
0.9728
0.9809
0.9799
0.9784
0.9650
0.9728
0.9672
0.9757
0.9770
0.9686
0.9690
0.9665
0.9796
0.9808
0.9804
0.9813
0.9626
0.9639
0.9739
0.9708
0.9153
0.9625
0.9829
0.9503
0.9662
0.9875
0.9822
0.9860
0.9683
0.9745
0.9711
0.9568
0.9831
0.9829
0.9676
0.9654
0.9245
0.9588
0.9718
0.9708
0.9789
0.9739
0.9624
0.9682
0.9423
0.9828
0.9693
0.9602
0.9658
0.9767
0.9754
0.9601
0.9747
0.9818
0.9701
0.9777
0.9572
0.9673
0.9780
0.9171
0.9713
0.9618
0.9678
0.9659
0.9679
0.9702
0.9747
0.9639
0.9818
0.9565
0.9732
0.9889
0.9864
0.9737
0.9850
0.9532
0.9689
0.9733
0.9556
0.9766
0.9441
0.9759
0.9745
0.9848
0.9783
0.9801
0.9612
0.9447
0.9590
0.9853
0.9551
0.9735
0.9847
0.9290
0.9770
0.9853
0.9533
0.9577
0.9743
0.8768
0.9507
0.9797
0.9712
0.9624
0.9254
0.9729
0.9353
0.9796
0.9744
0.9425
0.9353
0.9475
0.8729
0.9873
0.9642
0.9745
0.9774
0.9474
0.9732
0.9653
0.9806
0.9530
0.9193
0.9733
0.9779
0.9728
0.9691
0.9366
0.9895
0.9701
0.9791
0.8667
0.9718
0.9670
0.9782
0.9858
0.9392
0.9802
0.9576
0.9631
0.9279
0.9744
0.9879
0.9863
0.8644
0.9735
0.9241
0.9867
0.9738
0.9700
0.9294
0.9699
0.9706
0.9832
0.9426
0.9567
0.8807
0.9904
0.9394
0.9559
0.9791
0.9743
0.9727
0.8851
0.9704
0.9693
0.9524
0.9745
0.9769
0.9758
0.8820
0.9287
0.9695
0.9796
0.9109
0.9708
0.9441
0.9802
0.9747
0.9693
0.8689
0.9379
0.8363
0.8323
0.9665
0.9780
0.9210
0.8793
0.9650
0.9427
0.9510
0.9547
0.9714
0.9784
0.6842
0.9794
0.9784
0.9791
0.8225
0.8919
0.9676
0.9643
0.9558
0.9246
0.6786
0.9843
0.9774
0.9523
0.9749
0.9735
0.9669
0.9556
0.9690
0.9294
0.9396
0.9713
0.9376
0.6948
0.8579
0.9808
0.9884
0.9713
0.9584
0.9761
0.9186
0.9741
0.9726
0.8051
0.8008
0.9665
0.9646
0.9613
0.9705
0.8893
0.9603
0.9695
0.8406
0.9352
0.9712
0.7677
0.9279
0.9593
0.9775
0.9435
0.8953
0.9293
0.9761
0.7214
0.9761
0.9734
0.9510
0.9085
0.9637
0.8876
0.9721
0.9425
0.9743
0.9394
0.9813
0.9498
0.9639
0.9088
0.8944
0.9296
0.9770
0.9705
0.9774
0.9800
0.9660
0.9774
0.9788
0.9403
0.9776
0.9787
0.9653
0.8552
0.9612
0.9701
0.9709
0.9483
0.9333
0.9746
0.9812
0.8853
0.9615
0.9790
0.9634
0.8698
0.9623
0.9634
0.9677
0.9740
0.9506
0.9750
0.9322
0.8554
0.9241
0.7992
0.9493
0.9297
0.9519
0.9592
0.9623
0.9009
0.9772
0.9375
0.9740
0.9608
0.9503
0.9776
0.9576
0.9693
0.9783
0.9840
0.9659
0.7583
0.8672
0.9629
0.9212
0.9880
0.9737
0.9362
0.9789
0.9810
0.9869
0.8945
0.9671
0.8379
0.9795
0.9596
0.9733
0.9741
0.9201
0.9712
0.9546
0.9426
0.9818
0.9492
0.9701
0.9738
0.9818
0.9419
0.9796
0.9796
0.9188
0.9696
0.9675
0.8783
0.9789
0.8898
0.9396
0.9644
0.9541
0.9650
0.8501
0.9741
0.9703
0.9267
0.9766
0.9523
0.9733
0.9685
0.9155
0.9587
0.9673
0.8551
0.9772
0.9388
0.9762
0.9599
0.9732
0.9752
0.9631
0.9376
0.9730
0.9609
0.9650
0.8613
0.9848
0.9788
0.9344
0.9874
0.9659
0.9592
0.9184
0.9719
0.9400
0.9509
0.9481
0.9779
0.9795
0.8955
0.9583
0.9606
0.9366
0.9545
0.9335
0.9683
0.9718
0.9816
0.9450
0.9358
0.9756
0.9818
0.9096
0.9744
0.9732
0.9768
0.9098
0.9825
0.9697
0.9762
0.9774
0.9618
0.9782
0.9729
0.9099
0.8293
0.8808
0.9720
0.9698
0.9739
0.9413
0.9760
0.9604
0.9633
0.8483
0.9003
0.9830
0.9726
0.9471
0.9798
0.9643
0.9677
0.9799
0.9679
0.9816
0.9836
0.9657
0.9752
0.9319
0.8843
0.9796
0.9802
0.9723
0.9622
0.9608
0.9729
0.9330
0.8939
0.9614
0.9740
0.9252
0.9733
0.9658
0.9675
0.9716
0.9824
0.9293
0.9617
0.9655
0.8559
0.9413
0.9258
0.9721
0.9092
0.9781
0.8284
0.9643
0.9670
0.9626
0.8872
0.9760
0.9543
0.9767
0.9673
0.9659
0.9687
0.9599
0.9602
0.8109
0.9230
0.9525
0.9746
0.9810
0.8769
0.8718
0.9163
0.9806
0.9517
0.9707
0.9339
0.9560
0.8731
0.9533
0.9765
0.9909
0.7988
0.9627
0.9765
0.9520
0.9751
0.8599
0.8728
0.9760
0.9394
0.9640
0.9380
0.9560
0.7692
0.9748
0.9110
0.9244
0.9568
0.9749
0.9855
0.9397
0.9524
0.9764
0.9752
0.9505
0.9749
0.9342
0.9815
0.8998
0.8614
0.9499
0.9786
0.9610
0.9550
0.9856
0.9313
0.9799
0.9236
0.9133
0.9706
0.9613
0.9393
0.7914
0.9700
0.7477
0.9797
0.9511
0.9351
0.9753
0.8569
0.9566
0.7002
0.9632
0.9234
0.9549
0.9513
0.9607
0.9081
0.9771
0.8355
0.8706
0.9718
0.9301
0.9567
0.9494
0.9460
0.9366
0.9389
0.8115
0.9712
0.9583
0.9754
0.9424
0.9383
0.9205
0.8326
0.7648
0.9632
0.8355
0.8918
0.9109
0.8735
0.9650
0.9692
0.9493
0.9590
0.9756
0.9623
0.9543
0.8387
0.9583
0.9820
0.9553
0.9158
0.9543
0.9571
0.9566
0.9165
0.9654
0.9070
0.9527
0.9661
0.9667
0.9692
0.9434
0.9615
0.9254
0.9624
0.9324
0.9704
0.9717
0.9780
0.9621
0.9427
0.9323
0.9809
0.9615
0.9780
0.9593
0.9522
0.9640
0.9721
0.9540
0.9675
0.8248
0.9449
0.9809
0.9787
0.9314
0.9628
0.9060
0.9738
0.9508
0.9557
0.9641
0.9730
0.8100
0.9401
0.9810
0.8407
0.9574
0.9814
0.9669
0.9391
0.6748
0.7721
0.8826
0.9764
0.9416
0.8033
0.9748
0.9488
0.9670
0.9779
0.9779
0.8151
0.8305
0.8553
0.9553
0.8252
0.9520
0.8522
0.9274
0.9466
0.9663
0.9163
0.9163
0.9786
0.9684
0.9644
0.9727
0.8385
0.9791
0.9219
0.9468
0.8768
0.9130
0.9625
0.9138
0.9620
0.9842
0.8808
0.9624
0.9911
0.9683
0.9698
0.9847
0.8399
0.9593
0.9443
0.9769
0.9219
0.5552
0.9633
0.9712
0.9318
0.9826
0.9680
0.7970
0.9725
0.6306
0.9458
0.8404
0.9405
0.9703
0.9013
0.9518
0.9408
0.8892
0.8635
0.9109
0.9457
0.9838
0.8935
0.7610
0.9584
0.9881
0.9093
0.9594
0.8521
0.9686
0.9613
0.8744
0.9784
0.9826
0.9599
0.8384
0.9729
0.8718
0.9730
0.9780
0.9647
0.9564
0.9155
0.9767
0.9279
0.9695
0.9534
0.9579
0.9333
0.9368
0.9893
0.9696
0.7597
0.9706
0.9620
0.9697
0.9905
0.9651
0.7130
0.9689
0.9830
0.9433
0.8041
0.8533
0.9756
0.9495
0.9650
0.9570
0.9308
0.9134
0.8896
0.8690
0.9407
0.9729
0.9545
0.7836
0.9400
0.9659
0.8922
0.9771
0.9739
0.9527
0.9665
0.9620
0.9385
0.9828
0.9530
0.9688
0.9638
0.9608
0.9566
0.9438
0.9801
0.9495
0.8132
0.9756
0.9546
0.9715
0.9787
0.7590
0.9580
0.9514
0.9457
0.9585
0.9751
0.6808
0.9794
0.9883
0.9764
0.9457
0.9693
0.7998
0.9678
0.9493
0.9175
0.9403
0.9273
0.9629
0.9529
0.9419
0.7453
0.7682
0.9338
0.8387
0.9480
0.9293
0.9398
0.9123
0.8218
0.9189
0.8915
0.9069
0.9546
0.9385
0.9618
0.9163
0.9429
0.8906
0.8896
0.9377
0.9303
0.8173
0.9303
0.9242
0.9338
0.8361
0.9307
0.8276
0.9067
0.9728
0.8252
0.8958
0.9535
0.8972
0.9364
0.9063
0.8719
0.9521
0.9084
0.9414
0.9576
0.9404
0.7833
0.8369
0.9652
0.9654
0.9401
0.9751
0.9067
0.9160
0.9397
0.7656
0.8528
0.9571
0.9261
0.9523
0.9514
0.9513
0.9440
0.9257
0.8700
0.9492
0.8497
0.9607
0.9156
0.8347
0.8432
0.9416
0.9597
0.9567
0.9132
0.9539
0.9569
0.9416
0.9283
0.9027
0.9250
0.9672
0.9015
0.9242
0.8215
0.9576
0.9225
0.9255
0.9588
0.9642
0.9388
0.9646
0.9527
0.9099
0.8154
0.9150
0.9590
0.8965
0.9345
0.8415
0.9307
0.9446
0.7848
0.8589
0.8420
0.9492
0.9586
0.8979
0.9046
0.9064
0.9248
0.9417
0.9150
0.9244
0.9538
0.9794
0.9145
0.8172
0.9309
0.9387
0.9338
0.9244
0.8883
0.9423
0.9383
0.9741
0.9613
0.9523
0.9227
0.9365
0.9568
0.9244
0.7683
0.9028
0.9668
0.9617
0.9236
0.9080
0.9589
0.9758
0.9317
0.9614
0.9348
0.9740
0.9112
0.9725
0.9227
0.9073
0.9324
0.9556
0.9305
0.8535
0.9726
0.9731
0.9047
0.9485
0.9754
0.9186
0.9572
0.9661
0.9775
0.7594
0.9314
0.9565
0.9563
0.9203
0.9119
0.9663
0.9581
0.9213
0.9735
0.8928
0.8476
0.9472
0.8489
0.9436
0.9118
0.9284
0.9609
0.8988
0.9222
0.9401
0.9708
0.9526
0.9171
0.7904
0.9810
0.8791
0.8798
0.9495
0.9258
0.9564
0.9469
0.9676
0.9696
0.9515
0.9355
0.9455
0.9511
0.9201
0.9273
0.8228
0.9003
0.9186
0.8879
0.9385
0.9483
0.7590
0.9559
0.8723
0.9553
0.9618
0.9054
0.9000
0.8850
0.8843
0.9577
0.9374
0.9000
0.8419
0.9517
0.9383
0.9584
0.9619
0.9592
0.9657
0.8608
0.8851
0.9304
0.9708
0.9697
0.7851
0.9383
0.9724
0.9145
0.9637
0.9100
0.9703
0.9248
0.9678
0.9587
0.9578
0.9683
0.7340
0.9660
0.8919
0.7769
0.9214
0.9061
0.9047
0.9391
0.9417
0.9156
0.9226
0.8857
0.9454
0.9602
0.9275
0.9708
0.5077
0.9630
0.8907
0.9746
0.7965
0.9373
0.9478
0.9614
0.8779
0.9801
0.8502
0.9622
0.9711
0.6501
0.9786
0.9455
0.7580
0.9494
0.8766
0.8961
0.8901
0.9030
0.9371
0.9746
0.9540
0.9387
0.9252
0.8171
0.9364
0.8990
0.9795
0.9666
0.9530
0.9779
0.9854
0.9774
0.9124
0.9068
0.9131
0.9735
0.9443
0.9441
0.9620
0.9424
0.8975
0.8183
0.8902
0.9441
0.9470
0.9604
0.6863
0.9597
0.8945
0.9743
0.8929
0.9605
0.9098
0.9650
0.9797
0.9442
0.9613
0.9522
0.9420
0.8940
0.9499
0.9755
0.9772
0.8912
0.9014
0.9480
0.9428
0.9606
0.9906
0.9423
0.9712
0.8965
0.8995
0.9591
0.9880
0.8688
0.7815
0.9865
0.9548
0.9799
0.9391
0.8267
0.9713
0.9814
0.8929
0.9754
0.8812
0.8504
0.9657
0.9086
0.8885
0.9788
0.9722
0.9191
0.9212
0.9860
0.9316
0.8323
0.9594
0.9533
0.9050
0.9599
0.9733
0.9490
0.9640
0.9786
0.9625
0.9272
0.9659
0.9813
0.9681
0.9503
0.7795
0.9511
0.9446
0.9457
0.9135
0.9762
0.9738
0.9805
0.9487
0.9704
0.9136
0.8015
0.9415
0.8814
0.9746
0.9703
0.9493
0.9466
0.8979
0.9686
0.9742
0.9737
0.9578
0.9461
0.9362
0.9523
0.9864
0.9781
0.9499
0.9708
0.9235
0.9717
0.9703
0.9515
0.9620
0.9770
0.9660
0.9678
0.9452
0.7947
0.9609
0.9878
0.9381
0.9862
0.9519
0.8717
0.9751
0.9044
0.9503
0.9836
0.9078
0.9096
0.9737
0.9321
0.9246
0.8715
0.8879
0.9678
0.9579
0.9012
0.9803
0.8395
0.7504
0.8862
0.9738
0.8834
0.9861
0.9651
0.9286
0.9795
0.9767
0.9771
0.9820
0.9738
0.9406
0.9651
0.9659
0.9435
0.9142
0.9301
0.9687
0.9653
0.9557
0.9730
0.9811
0.9699
0.9816
0.9626
0.9020
0.9755
0.9891
0.9532
0.9724
0.8479
0.8982
0.9723
0.9560
0.9285
0.9256
0.8101
0.9578
0.9638
0.9782
0.9763
0.6637
0.9864
0.9580
0.9748
0.9749
0.9223
0.9315
0.8972
0.9729
0.9795
0.9317
0.9313
0.7259
0.9623
0.9671
0.9223
0.9807
0.8273
0.9535
0.9798
0.9749
0.9795
0.9069
0.9154
0.9815
0.9773
0.9204
0.9456
0.9760
0.9401
0.9034
0.9504
0.9146
0.9639
0.9515
0.9760
0.9787
0.9839
0.9668
0.9770
0.9651
0.9415
0.9615
0.9774
0.8618
0.9542
0.9628
0.9395
0.9753
0.9455
0.9572
0.9108
0.9689
0.8982
0.9585
0.9775
0.9551
0.9309
0.6343
0.9547
0.8889
0.9772
0.8791
0.9695
0.9502
0.9504
0.9168
0.9769
0.9687
0.9470
0.9788
0.9171
0.9835
0.9234
0.8238
0.6576
0.9376
0.9617
0.9361
0.9525
0.9852
0.9699
0.9059
0.9639
0.9599
0.9778
0.9535
0.9580
0.9040
0.9227
0.9679
0.9272
0.9411
0.9782
0.9810
0.9706
0.9762
0.9052
0.9785
0.9677
0.9853
0.9877
0.7090
0.9528
0.9824
0.9787
0.9629
0.9706
0.9481
0.9791
0.9278
0.9736
0.8630
0.7407
0.7977
0.9582
0.9605
0.9821
0.9852
0.9780
0.8736
0.9637
0.9687
0.9552
0.9423
0.7491
0.9499
0.9750
0.9676
0.9846
0.9624
0.9602
0.9738
0.9543
0.9709
0.9393
0.9588
0.9441
0.8537
0.9744
0.9830
0.9615
0.9790
0.9542
0.8963
0.9796
0.9866
0.9865
0.9839
0.9702
0.8761
0.9322
0.9633
0.9836
0.9753
0.9739
0.9636
0.9676
0.9701
0.9611
0.9400
0.9857
0.7518
0.9846
0.9781
0.9852
0.9536
0.9785
0.9514
0.9355
0.9724
0.9772
0.9712
0.9625
0.9874
0.9832
0.9578
0.9497
0.9097
0.9848
0.9483
0.9459
0.9881
0.9840
0.9728
0.9823
0.9814
0.9573
0.9697
0.9468
0.9677
0.9555
0.9813
0.9785
0.9730
0.9725
0.9794
0.9736
0.9864
0.9815
0.9697
0.9732
0.9639
0.9101
0.9446
0.9773
0.9366
0.9028
0.9690
0.9811
0.9729
0.9297
0.9577
0.9248
0.9608
0.9716
0.9819
0.9743
0.9581
0.9541
0.9712
0.9177
0.9161
0.9688
0.9821
0.9423
0.9568
0.9422
0.9292
0.9750
0.9230
0.9759
0.9558
0.9595
0.9399
0.9875
0.9669
0.9612
0.9392
0.9367
0.6708
0.9423
0.9687
0.6325
0.9274
0.9323
0.8759
0.9859
0.9023
0.9786
0.9181
0.9524
0.9637
0.9685
0.9649
0.9580
0.9530
0.9145
0.9630
0.9607
0.9633
0.7675
0.9752
0.9533
0.9734
0.9651
0.9485
0.9624
0.9731
0.7027
0.9581
0.9866
0.8143
0.9768
0.9581
0.9514
0.9610
0.9664
0.9410
0.9646
0.9454
0.9828
0.9635
0.9726
0.9629
0.9298
0.9811
0.9240
0.9790
0.9806
0.9781
0.9679
0.9571
0.9600
0.9647
0.9729
0.9625
0.9650
0.9229
0.9401
0.9624
0.9487
0.9793
0.9729
0.9464
0.9621
0.9642
0.9759
0.9648
0.9091
0.9789
0.9832
0.9372
0.9695
0.9789
0.7969
0.9685
0.9780
0.9658
0.9434
0.9654
0.9141
0.9816
0.9738
0.9690
0.8121
0.9216
0.9680
0.9325
0.9589
0.9745
0.9565
0.9818
0.9849
0.9658
0.8715
0.9541
0.9628
0.9719
0.9722
0.9762
0.9394
0.8804
0.9742
0.9615
0.9487
0.9570
0.6390
0.9436
0.9672
0.9624
0.9279
0.9659
0.9786
0.9672
0.9135
0.9719
0.9663
0.8868
0.9548
0.9121
0.9617
0.9522
0.9541
0.9821
0.9124
0.9836
0.9732
0.9654
0.9728
0.9806
0.9244
0.9815
0.9453
0.9481
0.9811
0.9875
0.8896
0.9751
0.9825
0.9370
0.9677
0.8296
0.9104
0.9629
0.9820
0.9759
0.9876
0.9673
0.9452
0.9767
0.9271
0.9492
0.9746
0.9825
0.9200
0.8821
0.9618
0.9819
0.9783
0.9882
0.9720
